CRIM	ZN	INDUS	CHAS	NOX	RM	AGE	DIS	RAD	TAX	PTRATIO	B	LSTAT	MEDV
0.14455	12.5	7.87	0	0.5240	6.172	96.1	59.505	5	311	15.2	396.90	19.15	27.1
0.21124	12.5	7.87	0	0.5240	5.631	100.0	60.821	5	311	15.2	386.63	29.93	16.5
0.17004	12.5	7.87	0	0.5240	6.004	85.9	65.921	5	311	15.2	386.71	17.10	18.9
0.22489	12.5	7.87	0	0.5240	6.377	94.3	63.467	5	311	15.2	392.52	20.45	15.0
0.11747	12.5	7.87	0	0.5240	6.009	82.9	62.267	5	311	15.2	396.90	13.27	18.9
0.09378	12.5	7.87	0	0.5240	5.889	39.0	54.509	5	311	15.2	390.50	15.71	21.7
0.62976	0.0	8.14	0	0.5380	5.949	61.8	47.075	4	307	21.0	396.90	8.26	20.4
0.63796	0.0	8.14	0	0.5380	6.096	84.5	44.619	4	307	21.0	380.02	10.26	18.2
0.62739	0.0	8.14	0	0.5380	5.834	56.5	44.986	4	307	21.0	395.62	8.47	19.9
105.393	0.0	8.14	0	0.5380	5.935	29.3	44.986	4	307	21.0	386.85	6.58	23.1
0.78420	0.0	8.14	0	0.5380	5.990	81.7	42.579	4	307	21.0	386.75	14.67	17.5
0.80271	0.0	8.14	0	0.5380	5.456	36.6	37.965	4	307	21.0	288.99	11.69	20.2
0.72580	0.0	8.14	0	0.5380	5.727	69.5	37.965	4	307	21.0	390.95	11.28	18.2
125.179	0.0	8.14	0	0.5380	5.570	98.1	37.979	4	307	21.0	376.57	21.02	13.6
0.85204	0.0	8.14	0	0.5380	5.965	89.2	40.123	4	307	21.0	392.53	13.83	19.6
123.247	0.0	8.14	0	0.5380	6.142	91.7	39.769	4	307	21.0	396.90	18.72	15.2
0.98843	0.0	8.14	0	0.5380	5.813	100.0	40.952	4	307	21.0	394.54	19.88	14.5
0.75026	0.0	8.14	0	0.5380	5.924	94.1	43.996	4	307	21.0	394.33	16.30	15.6
0.84054	0.0	8.14	0	0.5380	5.599	85.7	44.546	4	307	21.0	303.42	16.51	13.9
0.67191	0.0	8.14	0	0.5380	5.813	90.3	46.820	4	307	21.0	376.88	14.81	16.6
0.95577	0.0	8.14	0	0.5380	6.047	88.8	44.534	4	307	21.0	306.38	17.28	14.8
0.77299	0.0	8.14	0	0.5380	6.495	94.4	44.547	4	307	21.0	387.94	12.80	18.4
100.245	0.0	8.14	0	0.5380	6.674	87.3	42.390	4	307	21.0	380.23	11.98	21.0
113.081	0.0	8.14	0	0.5380	5.713	94.1	42.330	4	307	21.0	360.17	22.60	12.7
135.472	0.0	8.14	0	0.5380	6.072	100.0	41.750	4	307	21.0	376.73	13.04	14.5
138.799	0.0	8.14	0	0.5380	5.950	82.0	39.900	4	307	21.0	232.60	27.71	13.2
115.172	0.0	8.14	0	0.5380	5.701	95.0	37.872	4	307	21.0	358.77	18.35	13.1
161.282	0.0	8.14	0	0.5380	6.096	96.9	37.598	4	307	21.0	248.31	20.34	13.5
0.06417	0.0	5.96	0	0.4990	5.933	68.2	33.603	5	279	19.2	396.90	9.68	18.9
0.09744	0.0	5.96	0	0.4990	5.841	61.4	33.779	5	279	19.2	377.56	11.41	20.0
0.08014	0.0	5.96	0	0.4990	5.850	41.5	39.342	5	279	19.2	396.90	8.77	21.0
0.17505	0.0	5.96	0	0.4990	5.966	30.2	38.473	5	279	19.2	393.43	10.13	24.7
0.02763	75.0	2.95	0	0.4280	6.595	21.8	54.011	3	252	18.3	395.63	4.32	30.8
0.03359	75.0	2.95	0	0.4280	7.024	15.8	54.011	3	252	18.3	395.62	1.98	34.9
0.12744	0.0	6.91	0	0.4480	6.770	2.9	57.209	3	233	17.9	385.41	4.84	26.6
0.14150	0.0	6.91	0	0.4480	6.169	6.6	57.209	3	233	17.9	383.37	5.81	25.3
0.15936	0.0	6.91	0	0.4480	6.211	6.5	57.209	3	233	17.9	394.46	7.44	24.7
0.12269	0.0	6.91	0	0.4480	6.069	40.0	57.209	3	233	17.9	389.39	9.55	21.2
0.17142	0.0	6.91	0	0.4480	5.682	33.8	51.004	3	233	17.9	396.90	10.21	19.3
0.18836	0.0	6.91	0	0.4480	5.786	33.3	51.004	3	233	17.9	396.90	14.15	20.0
0.22927	0.0	6.91	0	0.4480	6.030	85.5	56.894	3	233	17.9	392.74	18.80	16.6
0.25387	0.0	6.91	0	0.4480	5.399	95.3	58.700	3	233	17.9	396.90	30.81	14.4
0.01432	100.0	1.32	0	0.4110	6.816	40.5	83.248	5	256	15.1	392.90	3.95	31.6
0.15445	25.0	5.13	0	0.4530	6.145	29.2	78.148	8	284	19.7	390.68	6.86	23.3
0.10328	25.0	5.13	0	0.4530	5.927	47.2	69.320	8	284	19.7	396.90	9.22	19.6
0.14932	25.0	5.13	0	0.4530	5.741	66.2	72.254	8	284	19.7	395.11	13.15	18.7
0.17171	25.0	5.13	0	0.4530	5.966	93.4	68.185	8	284	19.7	378.08	14.44	16.0
0.11027	25.0	5.13	0	0.4530	6.456	67.8	72.255	8	284	19.7	396.90	6.73	22.2
0.12650	25.0	5.13	0	0.4530	6.762	43.4	79.809	8	284	19.7	395.58	9.50	25.0
0.01951	17.5	1.38	0	0.4161	7.104	59.5	92.229	3	216	18.6	393.24	8.05	33.0
0.03584	80.0	3.37	0	0.3980	6.290	17.8	66.115	4	337	16.1	396.90	4.67	23.5
0.04379	80.0	3.37	0	0.3980	5.787	31.1	66.115	4	337	16.1	396.90	10.24	19.4
0.05789	12.5	6.07	0	0.4090	5.878	21.4	64.980	4	345	18.9	396.21	8.10	22.0
0.13554	12.5	6.07	0	0.4090	5.594	36.8	64.980	4	345	18.9	396.90	13.09	17.4
0.12816	12.5	6.07	0	0.4090	5.885	33.0	64.980	4	345	18.9	396.90	8.79	20.9
0.08826	0.0	10.81	0	0.4130	6.417	6.6	52.873	4	305	19.2	383.73	6.72	24.2
0.15876	0.0	10.81	0	0.4130	5.961	17.5	52.873	4	305	19.2	376.94	9.88	21.7
0.09164	0.0	10.81	0	0.4130	6.065	7.8	52.873	4	305	19.2	390.91	5.52	22.8
0.19539	0.0	10.81	0	0.4130	6.245	6.2	52.873	4	305	19.2	377.17	7.54	23.4
0.07896	0.0	12.83	0	0.4370	6.273	6.0	42.515	5	398	18.7	394.92	6.78	24.1
0.09512	0.0	12.83	0	0.4370	6.286	45.0	45.026	5	398	18.7	383.23	8.94	21.4
0.10153	0.0	12.83	0	0.4370	6.279	74.5	40.522	5	398	18.7	373.66	11.97	20.0
0.08707	0.0	12.83	0	0.4370	6.140	45.8	40.905	5	398	18.7	386.96	10.27	20.8
0.05646	0.0	12.83	0	0.4370	6.232	53.7	50.141	5	398	18.7	386.40	12.34	21.2
0.08387	0.0	12.83	0	0.4370	5.874	36.6	45.026	5	398	18.7	396.06	9.10	20.3
0.04113	25.0	4.86	0	0.4260	6.727	33.5	54.007	4	281	19.0	396.90	5.29	28.0
0.04462	25.0	4.86	0	0.4260	6.619	70.4	54.007	4	281	19.0	395.63	7.22	23.9
0.03659	25.0	4.86	0	0.4260	6.302	32.2	54.007	4	281	19.0	396.90	6.72	24.8
0.03551	25.0	4.86	0	0.4260	6.167	46.7	54.007	4	281	19.0	390.64	7.51	22.9
0.05059	0.0	4.49	0	0.4490	6.389	48.0	47.794	3	247	18.5	396.90	9.62	23.9
0.05735	0.0	4.49	0	0.4490	6.630	56.1	44.377	3	247	18.5	392.30	6.53	26.6
0.05188	0.0	4.49	0	0.4490	6.015	45.1	44.272	3	247	18.5	395.99	12.86	22.5
0.07151	0.0	4.49	0	0.4490	6.121	56.8	37.476	3	247	18.5	395.15	8.44	22.2
0.05660	0.0	3.41	0	0.4890	7.007	86.3	34.217	2	270	17.8	396.90	5.50	23.6
0.05302	0.0	3.41	0	0.4890	7.079	63.1	34.145	2	270	17.8	396.06	5.70	28.7
0.04684	0.0	3.41	0	0.4890	6.417	66.1	30.923	2	270	17.8	392.18	8.81	22.6
0.03932	0.0	3.41	0	0.4890	6.405	73.9	30.921	2	270	17.8	393.55	8.20	22.0
0.04203	28.0	15.04	0	0.4640	6.442	53.6	36.659	4	270	18.2	395.01	8.16	22.9
0.02875	28.0	15.04	0	0.4640	6.211	28.9	36.659	4	270	18.2	396.33	6.21	25.0
0.04294	28.0	15.04	0	0.4640	6.249	77.3	36.150	4	270	18.2	396.90	10.59	20.6
0.12204	0.0	2.89	0	0.4450	6.625	57.8	34.952	2	276	18.0	357.98	6.65	28.4
0.11504	0.0	2.89	0	0.4450	6.163	69.6	34.952	2	276	18.0	391.83	11.34	21.4
0.12083	0.0	2.89	0	0.4450	8.069	76.0	34.952	2	276	18.0	396.90	4.21	38.7
0.08187	0.0	2.89	0	0.4450	7.820	36.9	34.952	2	276	18.0	393.53	3.57	43.8
0.06860	0.0	2.89	0	0.4450	7.416	62.5	34.952	2	276	18.0	396.90	6.19	33.2
0.14866	0.0	8.56	0	0.5200	6.727	79.9	27.778	5	384	20.9	394.76	9.42	27.5
0.11432	0.0	8.56	0	0.5200	6.781	71.3	28.561	5	384	20.9	395.58	7.67	26.5
0.22876	0.0	8.56	0	0.5200	6.405	85.4	27.147	5	384	20.9	70.80	10.63	18.6
0.21161	0.0	8.56	0	0.5200	6.137	87.4	27.147	5	384	20.9	394.47	13.44	19.3
0.13960	0.0	8.56	0	0.5200	6.167	90.0	24.210	5	384	20.9	392.69	12.33	20.1
0.13262	0.0	8.56	0	0.5200	5.851	96.7	21.069	5	384	20.9	394.05	16.47	19.5
0.17120	0.0	8.56	0	0.5200	5.836	91.9	22.110	5	384	20.9	395.67	18.66	19.5
0.13117	0.0	8.56	0	0.5200	6.127	85.2	21.224	5	384	20.9	387.69	14.09	20.4
0.12802	0.0	8.56	0	0.5200	6.474	97.1	24.329	5	384	20.9	395.24	12.27	19.8
0.26363	0.0	8.56	0	0.5200	6.229	91.2	25.451	5	384	20.9	391.23	15.55	19.4
0.10793	0.0	8.56	0	0.5200	6.195	54.4	27.778	5	384	20.9	393.49	13.00	21.7
0.10084	0.0	10.01	0	0.5470	6.715	81.6	26.775	6	432	17.8	395.59	10.16	22.8
0.12329	0.0	10.01	0	0.5470	5.913	92.9	23.534	6	432	17.8	394.95	16.21	18.8
0.22212	0.0	10.01	0	0.5470	6.092	95.4	25.480	6	432	17.8	396.90	17.09	18.7
0.14231	0.0	10.01	0	0.5470	6.254	84.2	22.565	6	432	17.8	388.74	10.45	18.5
0.17134	0.0	10.01	0	0.5470	5.928	88.2	24.631	6	432	17.8	344.91	15.76	18.3
0.13158	0.0	10.01	0	0.5470	6.176	72.5	27.301	6	432	17.8	393.30	12.04	21.2
0.15098	0.0	10.01	0	0.5470	6.021	82.6	27.474	6	432	17.8	394.51	10.30	19.2
0.13058	0.0	10.01	0	0.5470	5.872	73.1	24.775	6	432	17.8	338.63	15.37	20.4
0.14476	0.0	10.01	0	0.5470	5.731	65.2	27.592	6	432	17.8	391.50	13.61	19.3
0.06899	0.0	25.65	0	0.5810	5.870	69.7	22.577	2	188	19.1	389.15	14.37	22.0
0.07165	0.0	25.65	0	0.5810	6.004	84.1	21.974	2	188	19.1	377.67	14.27	20.3
0.09299	0.0	25.65	0	0.5810	5.961	92.9	20.869	2	188	19.1	378.09	17.93	20.5
0.15038	0.0	25.65	0	0.5810	5.856	97.0	19.444	2	188	19.1	370.31	25.41	17.3
0.09849	0.0	25.65	0	0.5810	5.879	95.8	20.063	2	188	19.1	379.38	17.58	18.8
0.16902	0.0	25.65	0	0.5810	5.986	88.4	19.929	2	188	19.1	385.02	14.81	21.4
0.38735	0.0	25.65	0	0.5810	5.613	95.6	17.572	2	188	19.1	359.29	27.26	15.7
0.25915	0.0	21.89	0	0.6240	5.693	96.0	17.883	4	437	21.2	392.11	17.19	16.2
0.32543	0.0	21.89	0	0.6240	6.431	98.8	18.125	4	437	21.2	396.90	15.39	18.0
0.88125	0.0	21.89	0	0.6240	5.637	94.7	19.799	4	437	21.2	396.90	18.34	14.3
0.34006	0.0	21.89	0	0.6240	6.458	98.9	21.185	4	437	21.2	395.04	12.60	19.2
119.294	0.0	21.89	0	0.6240	6.326	97.7	22.710	4	437	21.2	396.90	12.26	19.6
0.59005	0.0	21.89	0	0.6240	6.372	97.9	23.274	4	437	21.2	385.76	11.12	23.0
0.32982	0.0	21.89	0	0.6240	5.822	95.4	24.699	4	437	21.2	388.69	15.03	18.4
0.97617	0.0	21.89	0	0.6240	5.757	98.4	23.460	4	437	21.2	262.76	17.31	15.6
0.55778	0.0	21.89	0	0.6240	6.335	98.2	21.107	4	437	21.2	394.67	16.96	18.1
0.32264	0.0	21.89	0	0.6240	5.942	93.5	19.669	4	437	21.2	378.25	16.90	17.4
0.35233	0.0	21.89	0	0.6240	6.454	98.4	18.498	4	437	21.2	394.08	14.59	17.1
0.24980	0.0	21.89	0	0.6240	5.857	98.2	16.686	4	437	21.2	392.04	21.32	13.3
0.54452	0.0	21.89	0	0.6240	6.151	97.9	16.687	4	437	21.2	396.90	18.46	17.8
0.29090	0.0	21.89	0	0.6240	6.174	93.6	16.119	4	437	21.2	388.08	24.16	14.0
162.864	0.0	21.89	0	0.6240	5.019	100.0	14.394	4	437	21.2	396.90	34.41	14.4
332.105	0.0	19.58	1	0.8710	5.403	100.0	13.216	5	403	14.7	396.90	26.82	13.4
409.740	0.0	19.58	0	0.8710	5.468	100.0	14.118	5	403	14.7	396.90	26.42	15.6
277.974	0.0	19.58	0	0.8710	4.903	97.8	13.459	5	403	14.7	396.90	29.29	11.8
237.934	0.0	19.58	0	0.8710	6.130	100.0	14.191	5	403	14.7	172.91	27.80	13.8
215.505	0.0	19.58	0	0.8710	5.628	100.0	15.166	5	403	14.7	169.27	16.65	15.6
236.862	0.0	19.58	0	0.8710	4.926	95.7	14.608	5	403	14.7	391.71	29.53	14.6
233.099	0.0	19.58	0	0.8710	5.186	93.8	15.296	5	403	14.7	356.99	28.32	17.8
273.397	0.0	19.58	0	0.8710	5.597	94.9	15.257	5	403	14.7	351.85	21.45	15.4
165.660	0.0	19.58	0	0.8710	6.122	97.3	16.180	5	403	14.7	372.80	14.10	21.5
149.632	0.0	19.58	0	0.8710	5.404	100.0	15.916	5	403	14.7	341.60	13.28	19.6
112.658	0.0	19.58	1	0.8710	5.012	88.0	16.102	5	403	14.7	343.28	12.12	15.3
214.918	0.0	19.58	0	0.8710	5.709	98.5	16.232	5	403	14.7	261.95	15.79	19.4
141.385	0.0	19.58	1	0.8710	6.129	96.0	17.494	5	403	14.7	321.02	15.12	17.0
353.501	0.0	19.58	1	0.8710	6.152	82.6	17.455	5	403	14.7	88.01	15.02	15.6
244.668	0.0	19.58	0	0.8710	5.272	94.0	17.364	5	403	14.7	88.63	16.14	13.1
122.358	0.0	19.58	0	0.6050	6.943	97.4	18.773	5	403	14.7	363.43	4.59	41.3
134.284	0.0	19.58	0	0.6050	6.066	100.0	17.573	5	403	14.7	353.89	6.43	24.3
142.502	0.0	19.58	0	0.8710	6.510	100.0	17.659	5	403	14.7	364.31	7.39	23.3
127.346	0.0	19.58	1	0.6050	6.250	92.6	17.984	5	403	14.7	338.92	5.50	27.0
146.336	0.0	19.58	0	0.6050	7.489	90.8	19.709	5	403	14.7	374.43	1.73	50.0
183.377	0.0	19.58	1	0.6050	7.802	98.2	20.407	5	403	14.7	389.61	1.92	50.0
151.902	0.0	19.58	1	0.6050	8.375	93.9	21.620	5	403	14.7	388.45	3.32	50.0
224.236	0.0	19.58	0	0.6050	5.854	91.8	24.220	5	403	14.7	395.11	11.64	22.7
292.400	0.0	19.58	0	0.6050	6.101	93.0	22.834	5	403	14.7	240.16	9.81	25.0
201.019	0.0	19.58	0	0.6050	7.929	96.2	20.459	5	403	14.7	369.30	3.70	50.0
180.028	0.0	19.58	0	0.6050	5.877	79.2	24.259	5	403	14.7	227.61	12.14	23.8
230.040	0.0	19.58	0	0.6050	6.319	96.1	21.000	5	403	14.7	297.09	11.10	23.8
244.953	0.0	19.58	0	0.6050	6.402	95.2	22.625	5	403	14.7	330.04	11.32	22.3
120.742	0.0	19.58	0	0.6050	5.875	94.6	24.259	5	403	14.7	292.29	14.43	17.4
231.390	0.0	19.58	0	0.6050	5.880	97.3	23.887	5	403	14.7	348.13	12.03	19.1
0.13914	0.0	4.05	0	0.5100	5.572	88.5	25.961	5	296	16.6	396.90	14.69	23.1
0.09178	0.0	4.05	0	0.5100	6.416	84.1	26.463	5	296	16.6	395.50	9.04	23.6
0.08447	0.0	4.05	0	0.5100	5.859	68.7	27.019	5	296	16.6	393.23	9.64	22.6
0.06664	0.0	4.05	0	0.5100	6.546	33.1	31.323	5	296	16.6	390.96	5.33	29.4
0.07022	0.0	4.05	0	0.5100	6.020	47.2	35.549	5	296	16.6	393.23	10.11	23.2
0.05425	0.0	4.05	0	0.5100	6.315	73.4	33.175	5	296	16.6	395.60	6.29	24.6
0.06642	0.0	4.05	0	0.5100	6.860	74.4	29.153	5	296	16.6	391.27	6.92	29.9
0.05780	0.0	2.46	0	0.4880	6.980	58.4	28.290	3	193	17.8	396.90	5.04	37.2
0.06588	0.0	2.46	0	0.4880	7.765	83.3	27.410	3	193	17.8	395.56	7.56	39.8
0.06888	0.0	2.46	0	0.4880	6.144	62.2	25.979	3	193	17.8	396.90	9.45	36.2
0.09103	0.0	2.46	0	0.4880	7.155	92.2	27.006	3	193	17.8	394.12	4.82	37.9
0.10008	0.0	2.46	0	0.4880	6.563	95.6	28.470	3	193	17.8	396.90	5.68	32.5
0.08308	0.0	2.46	0	0.4880	5.604	89.8	29.879	3	193	17.8	391.00	13.98	26.4
0.06047	0.0	2.46	0	0.4880	6.153	68.8	32.797	3	193	17.8	387.11	13.15	29.6
0.05602	0.0	2.46	0	0.4880	7.831	53.6	31.992	3	193	17.8	392.63	4.45	50.0
0.07875	45.0	3.44	0	0.4370	6.782	41.1	37.886	5	398	15.2	393.87	6.68	32.0
0.12579	45.0	3.44	0	0.4370	6.556	29.1	45.667	5	398	15.2	382.84	4.56	29.8
0.08370	45.0	3.44	0	0.4370	7.185	38.9	45.667	5	398	15.2	396.90	5.39	34.9
0.09068	45.0	3.44	0	0.4370	6.951	21.5	64.798	5	398	15.2	377.68	5.10	37.0
0.06911	45.0	3.44	0	0.4370	6.739	30.8	64.798	5	398	15.2	389.71	4.69	30.5
0.08664	45.0	3.44	0	0.4370	7.178	26.3	64.798	5	398	15.2	390.49	2.87	36.4
0.02187	60.0	2.93	0	0.4010	6.800	9.9	62.196	1	265	15.6	393.37	5.03	31.1
0.01439	60.0	2.93	0	0.4010	6.604	18.8	62.196	1	265	15.6	376.70	4.38	29.1
0.01381	80.0	0.46	0	0.4220	7.875	32.0	56.484	4	255	14.4	394.23	2.97	50.0
0.04011	80.0	1.52	0	0.4040	7.287	34.1	73.090	2	329	12.6	396.90	4.08	33.3
0.04666	80.0	1.52	0	0.4040	7.107	36.6	73.090	2	329	12.6	354.31	8.61	30.3
0.03768	80.0	1.52	0	0.4040	7.274	38.3	73.090	2	329	12.6	392.20	6.62	34.6
0.03150	95.0	1.47	0	0.4030	6.975	15.3	76.534	3	402	17.0	396.90	4.56	34.9
0.01778	95.0	1.47	0	0.4030	7.135	13.9	76.534	3	402	17.0	384.30	4.45	32.9
0.03445	82.5	2.03	0	0.4150	6.162	38.4	62.700	2	348	14.7	393.77	7.43	24.1
0.02177	82.5	2.03	0	0.4150	7.610	15.7	62.700	2	348	14.7	395.38	3.11	42.3
0.03510	95.0	2.68	0	0.4161	7.853	33.2	51.180	4	224	14.7	392.78	3.81	48.5
0.02009	95.0	2.68	0	0.4161	8.034	31.9	51.180	4	224	14.7	390.55	2.88	50.0
0.13642	0.0	10.59	0	0.4890	5.891	22.3	39.454	4	277	18.6	396.90	10.87	22.6
0.22969	0.0	10.59	0	0.4890	6.326	52.5	43.549	4	277	18.6	394.87	10.97	24.4
0.25199	0.0	10.59	0	0.4890	5.783	72.7	43.549	4	277	18.6	389.43	18.06	22.5
0.13587	0.0	10.59	1	0.4890	6.064	59.1	42.392	4	277	18.6	381.32	14.66	24.4
0.43571	0.0	10.59	1	0.4890	5.344	100.0	38.750	4	277	18.6	396.90	23.09	20.0
0.17446	0.0	10.59	1	0.4890	5.960	92.1	38.771	4	277	18.6	393.25	17.27	21.7
0.37578	0.0	10.59	1	0.4890	5.404	88.6	36.650	4	277	18.6	395.24	23.98	19.3
0.21719	0.0	10.59	1	0.4890	5.807	53.8	36.526	4	277	18.6	390.94	16.03	22.4
0.14052	0.0	10.59	0	0.4890	6.375	32.3	39.454	4	277	18.6	385.81	9.38	28.1
0.28955	0.0	10.59	0	0.4890	5.412	9.8	35.875	4	277	18.6	348.93	29.55	23.7
0.19802	0.0	10.59	0	0.4890	6.182	42.4	39.454	4	277	18.6	393.63	9.47	25.0
0.04560	0.0	13.89	1	0.5500	5.888	56.0	31.121	5	276	16.4	392.80	13.51	23.3
0.07013	0.0	13.89	0	0.5500	6.642	85.1	34.211	5	276	16.4	392.78	9.69	28.7
0.11069	0.0	13.89	1	0.5500	5.951	93.8	28.893	5	276	16.4	396.90	17.92	21.5
0.11425	0.0	13.89	1	0.5500	6.373	92.4	33.633	5	276	16.4	393.74	10.50	23.0
0.35809	0.0	6.20	1	0.5070	6.951	88.5	28.617	8	307	17.4	391.70	9.71	26.7
0.40771	0.0	6.20	1	0.5070	6.164	91.3	30.480	8	307	17.4	395.24	21.46	21.7
0.62356	0.0	6.20	1	0.5070	6.879	77.7	32.721	8	307	17.4	390.39	9.93	27.5
0.61470	0.0	6.20	0	0.5070	6.618	80.8	32.721	8	307	17.4	396.90	7.60	30.1
0.31533	0.0	6.20	0	0.5040	8.266	78.3	28.944	8	307	17.4	385.05	4.14	44.8
0.52693	0.0	6.20	0	0.5040	8.725	83.0	28.944	8	307	17.4	382.00	4.63	50.0
0.38214	0.0	6.20	0	0.5040	8.040	86.5	32.157	8	307	17.4	387.38	3.13	37.6
0.41238	0.0	6.20	0	0.5040	7.163	79.9	32.157	8	307	17.4	372.08	6.36	31.6
0.29819	0.0	6.20	0	0.5040	7.686	17.0	33.751	8	307	17.4	377.51	3.92	46.7
0.44178	0.0	6.20	0	0.5040	6.552	21.4	33.751	8	307	17.4	380.34	3.76	31.5
0.53700	0.0	6.20	0	0.5040	5.981	68.1	36.715	8	307	17.4	378.35	11.65	24.3
0.46296	0.0	6.20	0	0.5040	7.412	76.9	36.715	8	307	17.4	376.14	5.25	31.7
0.57529	0.0	6.20	0	0.5070	8.337	73.3	38.384	8	307	17.4	385.91	2.47	41.7
0.33147	0.0	6.20	0	0.5070	8.247	70.4	36.519	8	307	17.4	378.95	3.95	48.3
0.44791	0.0	6.20	1	0.5070	6.726	66.5	36.519	8	307	17.4	360.20	8.05	29.0
0.33045	0.0	6.20	0	0.5070	6.086	61.5	36.519	8	307	17.4	376.75	10.88	24.0
0.52058	0.0	6.20	1	0.5070	6.631	76.5	41.480	8	307	17.4	388.45	9.54	25.1
0.51183	0.0	6.20	0	0.5070	7.358	71.6	41.480	8	307	17.4	390.07	4.73	31.5
0.08244	30.0	4.93	0	0.4280	6.481	18.5	61.899	6	300	16.6	379.41	6.36	23.7
0.09252	30.0	4.93	0	0.4280	6.606	42.2	61.899	6	300	16.6	383.78	7.37	23.3
0.11329	30.0	4.93	0	0.4280	6.897	54.3	63.361	6	300	16.6	391.25	11.38	22.0
0.10612	30.0	4.93	0	0.4280	6.095	65.1	63.361	6	300	16.6	394.62	12.40	20.1
0.10290	30.0	4.93	0	0.4280	6.358	52.9	70.355	6	300	16.6	372.75	11.22	22.2
0.12757	30.0	4.93	0	0.4280	6.393	7.8	70.355	6	300	16.6	374.71	5.19	23.7
0.20608	22.0	5.86	0	0.4310	5.593	76.5	79.549	7	330	19.1	372.49	12.50	17.6
0.19133	22.0	5.86	0	0.4310	5.605	70.2	79.549	7	330	19.1	389.13	18.46	18.5
0.33983	22.0	5.86	0	0.4310	6.108	34.9	80.555	7	330	19.1	390.18	9.16	24.3
0.19657	22.0	5.86	0	0.4310	6.226	79.2	80.555	7	330	19.1	376.14	10.15	20.5
0.16439	22.0	5.86	0	0.4310	6.433	49.1	78.265	7	330	19.1	374.71	9.52	24.5
0.19073	22.0	5.86	0	0.4310	6.718	17.5	78.265	7	330	19.1	393.74	6.56	26.2
0.14030	22.0	5.86	0	0.4310	6.487	13.0	73.967	7	330	19.1	396.28	5.90	24.4
0.21409	22.0	5.86	0	0.4310	6.438	8.9	73.967	7	330	19.1	377.07	3.59	24.8
0.08221	22.0	5.86	0	0.4310	6.957	6.8	89.067	7	330	19.1	386.09	3.53	29.6
0.36894	22.0	5.86	0	0.4310	8.259	8.4	89.067	7	330	19.1	396.90	3.54	42.8
0.04819	80.0	3.64	0	0.3920	6.108	32.0	92.203	1	315	16.4	392.89	6.57	21.9
0.03548	80.0	3.64	0	0.3920	5.876	19.1	92.203	1	315	16.4	395.18	9.25	20.9
0.01538	90.0	3.75	0	0.3940	7.454	34.2	63.361	3	244	15.9	386.34	3.11	44.0
0.61154	20.0	3.97	0	0.6470	8.704	86.9	18.010	5	264	13.0	389.70	5.12	50.0
0.66351	20.0	3.97	0	0.6470	7.333	100.0	18.946	5	264	13.0	383.29	7.79	36.0
0.65665	20.0	3.97	0	0.6470	6.842	100.0	20.107	5	264	13.0	391.93	6.90	30.1
0.54011	20.0	3.97	0	0.6470	7.203	81.8	21.121	5	264	13.0	392.80	9.59	33.8
0.53412	20.0	3.97	0	0.6470	7.520	89.4	21.398	5	264	13.0	388.37	7.26	43.1
0.52014	20.0	3.97	0	0.6470	8.398	91.5	22.885	5	264	13.0	386.86	5.91	48.8
0.54050	20.0	3.97	0	0.5750	7.470	52.6	28.720	5	264	13.0	390.30	3.16	43.5
0.09065	20.0	6.96	1	0.4640	5.920	61.5	39.175	3	223	18.6	391.34	13.65	20.7
0.29916	20.0	6.96	0	0.4640	5.856	42.1	44.290	3	223	18.6	388.65	13.00	21.1
0.16211	20.0	6.96	0	0.4640	6.240	16.3	44.290	3	223	18.6	396.90	6.59	25.2
0.11460	20.0	6.96	0	0.4640	6.538	58.7	39.175	3	223	18.6	394.96	7.73	24.4
0.22188	20.0	6.96	1	0.4640	7.691	51.8	43.665	3	223	18.6	390.77	6.58	35.2
0.05644	40.0	6.41	1	0.4470	6.758	32.9	40.776	4	254	17.6	396.90	3.53	32.4
0.09604	40.0	6.41	0	0.4470	6.854	42.8	42.673	4	254	17.6	396.90	2.98	32.0
0.10469	40.0	6.41	1	0.4470	7.267	49.0	47.872	4	254	17.6	389.25	6.05	33.2
0.06127	40.0	6.41	1	0.4470	6.826	27.6	48.628	4	254	17.6	393.45	4.16	33.1
0.07978	40.0	6.41	0	0.4470	6.482	32.1	41.403	4	254	17.6	396.90	7.19	29.1
0.21038	20.0	3.33	0	0.4429	6.812	32.2	41.007	5	216	14.9	396.90	4.85	35.1
0.03578	20.0	3.33	0	0.4429	7.820	64.5	46.947	5	216	14.9	387.31	3.76	45.4
0.03705	20.0	3.33	0	0.4429	6.968	37.2	52.447	5	216	14.9	392.23	4.59	35.4
0.06129	20.0	3.33	1	0.4429	7.645	49.7	52.119	5	216	14.9	377.07	3.01	46.0
0.01501	90.0	1.21	1	0.4010	7.923	24.8	58.850	1	198	13.6	395.52	3.16	50.0
0.00906	90.0	2.97	0	0.4000	7.088	20.8	73.073	1	285	15.3	394.72	7.85	32.2
0.01096	55.0	2.25	0	0.3890	6.453	31.9	73.073	1	300	15.3	394.72	8.23	22.0
0.01965	80.0	1.76	0	0.3850	6.230	31.5	90.892	1	241	18.2	341.60	12.93	20.1
0.03871	52.5	5.32	0	0.4050	6.209	31.3	73.172	6	293	16.6	396.90	7.14	23.2
0.04590	52.5	5.32	0	0.4050	6.315	45.6	73.172	6	293	16.6	396.90	7.60	22.3
0.04297	52.5	5.32	0	0.4050	6.565	22.9	73.172	6	293	16.6	371.72	9.51	24.8
0.03502	80.0	4.95	0	0.4110	6.861	27.9	51.167	4	245	19.2	396.90	3.33	28.5
0.07886	80.0	4.95	0	0.4110	7.148	27.7	51.167	4	245	19.2	396.90	3.56	37.3
0.03615	80.0	4.95	0	0.4110	6.630	23.4	51.167	4	245	19.2	396.90	4.70	27.9
0.08265	0.0	13.92	0	0.4370	6.127	18.4	55.027	4	289	16.0	396.90	8.58	23.9
0.08199	0.0	13.92	0	0.4370	6.009	42.3	55.027	4	289	16.0	396.90	10.40	21.7
0.12932	0.0	13.92	0	0.4370	6.678	31.1	59.604	4	289	16.0	396.90	6.27	28.6
0.05372	0.0	13.92	0	0.4370	6.549	51.0	59.604	4	289	16.0	392.85	7.39	27.1
0.14103	0.0	13.92	0	0.4370	5.790	58.0	63.200	4	289	16.0	396.90	15.84	20.3
0.06466	70.0	2.24	0	0.4000	6.345	20.1	78.278	5	358	14.8	368.24	4.97	22.5
0.05561	70.0	2.24	0	0.4000	7.041	10.0	78.278	5	358	14.8	371.58	4.74	29.0
0.04417	70.0	2.24	0	0.4000	6.871	47.4	78.278	5	358	14.8	390.86	6.07	24.8
0.03537	34.0	6.09	0	0.4330	6.590	40.4	54.917	7	329	16.1	395.75	9.50	22.0
0.09266	34.0	6.09	0	0.4330	6.495	18.4	54.917	7	329	16.1	383.61	8.67	26.4
0.10000	34.0	6.09	0	0.4330	6.982	17.7	54.917	7	329	16.1	390.43	4.86	33.1
0.05515	33.0	2.18	0	0.4720	7.236	41.1	40.220	7	222	18.4	393.68	6.93	36.1
0.05479	33.0	2.18	0	0.4720	6.616	58.1	33.700	7	222	18.4	393.36	8.93	28.4
0.07503	33.0	2.18	0	0.4720	7.420	71.9	30.992	7	222	18.4	396.90	6.47	33.4
0.04932	33.0	2.18	0	0.4720	6.849	70.3	31.827	7	222	18.4	396.90	7.53	28.2
0.49298	0.0	9.90	0	0.5440	6.635	82.5	33.175	4	304	18.4	396.90	4.54	22.8
0.34940	0.0	9.90	0	0.5440	5.972	76.7	31.025	4	304	18.4	396.24	9.97	20.3
263.548	0.0	9.90	0	0.5440	4.973	37.8	25.194	4	304	18.4	350.45	12.64	16.1
0.79041	0.0	9.90	0	0.5440	6.122	52.8	26.403	4	304	18.4	396.90	5.98	22.1
0.26169	0.0	9.90	0	0.5440	6.023	90.4	28.340	4	304	18.4	396.30	11.72	19.4
0.26938	0.0	9.90	0	0.5440	6.266	82.8	32.628	4	304	18.4	393.39	7.90	21.6
0.36920	0.0	9.90	0	0.5440	6.567	87.3	36.023	4	304	18.4	395.69	9.28	23.8
0.25356	0.0	9.90	0	0.5440	5.705	77.7	39.450	4	304	18.4	396.42	11.50	16.2
0.31827	0.0	9.90	0	0.5440	5.914	83.2	39.986	4	304	18.4	390.70	18.33	17.8
0.24522	0.0	9.90	0	0.5440	5.782	71.7	40.317	4	304	18.4	396.90	15.94	19.8
0.40202	0.0	9.90	0	0.5440	6.382	67.2	35.325	4	304	18.4	395.21	10.36	23.1
0.47547	0.0	9.90	0	0.5440	6.113	58.8	40.019	4	304	18.4	396.23	12.73	21.0
0.16760	0.0	7.38	0	0.4930	6.426	52.3	45.404	5	287	19.6	396.90	7.20	23.8
0.18159	0.0	7.38	0	0.4930	6.376	54.3	45.404	5	287	19.6	396.90	6.87	23.1
0.35114	0.0	7.38	0	0.4930	6.041	49.9	47.211	5	287	19.6	396.90	7.70	20.4
0.28392	0.0	7.38	0	0.4930	5.708	74.3	47.211	5	287	19.6	391.13	11.74	18.5
0.34109	0.0	7.38	0	0.4930	6.415	40.1	47.211	5	287	19.6	396.90	6.12	25.0
0.19186	0.0	7.38	0	0.4930	6.431	14.7	54.159	5	287	19.6	393.68	5.08	24.6
0.30347	0.0	7.38	0	0.4930	6.312	28.9	54.159	5	287	19.6	396.90	6.15	23.0
0.24103	0.0	7.38	0	0.4930	6.083	43.7	54.159	5	287	19.6	396.90	12.79	22.2
0.06617	0.0	3.24	0	0.4600	5.868	25.8	52.146	4	430	16.9	382.44	9.97	19.3
0.06724	0.0	3.24	0	0.4600	6.333	17.2	52.146	4	430	16.9	375.21	7.34	22.6
0.04544	0.0	3.24	0	0.4600	6.144	32.2	58.736	4	430	16.9	368.57	9.09	19.8
0.05023	35.0	6.06	0	0.4379	5.706	28.4	66.407	1	304	16.9	394.02	12.43	17.1
0.03466	35.0	6.06	0	0.4379	6.031	23.3	66.407	1	304	16.9	362.25	7.83	19.4
0.05083	0.0	5.19	0	0.5150	6.316	38.1	64.584	5	224	20.2	389.71	5.68	22.2
0.03738	0.0	5.19	0	0.5150	6.310	38.5	64.584	5	224	20.2	389.40	6.75	20.7
0.03961	0.0	5.19	0	0.5150	6.037	34.5	59.853	5	224	20.2	396.90	8.01	21.1
0.03427	0.0	5.19	0	0.5150	5.869	46.3	52.311	5	224	20.2	396.90	9.80	19.5
0.03041	0.0	5.19	0	0.5150	5.895	59.6	56.150	5	224	20.2	394.81	10.56	18.5
0.03306	0.0	5.19	0	0.5150	6.059	37.3	48.122	5	224	20.2	396.14	8.51	20.6
0.05497	0.0	5.19	0	0.5150	5.985	45.4	48.122	5	224	20.2	396.90	9.74	19.0
0.06151	0.0	5.19	0	0.5150	5.968	58.5	48.122	5	224	20.2	396.90	9.29	18.7
0.01301	35.0	1.52	0	0.4420	7.241	49.3	70.379	1	284	15.5	394.74	5.49	32.7
0.02498	0.0	1.89	0	0.5180	6.540	59.7	62.669	1	422	15.9	389.96	8.65	16.5
0.02543	55.0	3.78	0	0.4840	6.696	56.4	57.321	5	370	17.6	396.90	7.18	23.9
0.03049	55.0	3.78	0	0.4840	6.874	28.1	64.654	5	370	17.6	387.97	4.61	31.2
0.03113	0.0	4.39	0	0.4420	6.014	48.5	80.136	3	352	18.8	385.64	10.53	17.5
0.06162	0.0	4.39	0	0.4420	5.898	52.3	80.136	3	352	18.8	364.61	12.67	17.2
0.01870	85.0	4.15	0	0.4290	6.516	27.7	85.353	4	351	17.9	392.43	6.36	23.1
0.01501	80.0	2.01	0	0.4350	6.635	29.7	83.440	4	280	17.0	390.94	5.99	24.5
0.02899	40.0	1.25	0	0.4290	6.939	34.5	87.921	1	335	19.7	389.85	5.89	26.6
0.06211	40.0	1.25	0	0.4290	6.490	44.4	87.921	1	335	19.7	396.90	5.98	22.9
0.07950	60.0	1.69	0	0.4110	6.579	35.9	107.103	4	411	18.3	370.78	5.49	24.1
0.07244	60.0	1.69	0	0.4110	5.884	18.5	107.103	4	411	18.3	392.33	7.79	18.6
0.01709	90.0	2.02	0	0.4100	6.728	36.1	121.265	5	187	17.0	384.46	4.50	30.1
0.04301	80.0	1.91	0	0.4130	5.663	21.9	105.857	4	334	22.0	382.80	8.05	18.2
0.10659	80.0	1.91	0	0.4130	5.936	19.5	105.857	4	334	22.0	376.04	5.57	20.6
898.296	0.0	18.10	1	0.7700	6.212	97.4	21.222	24	666	20.2	377.73	17.60	17.8
384.970	0.0	18.10	1	0.7700	6.395	91.0	25.052	24	666	20.2	391.34	13.27	21.7
520.177	0.0	18.10	1	0.7700	6.127	83.4	27.227	24	666	20.2	395.43	11.48	22.7
426.131	0.0	18.10	0	0.7700	6.112	81.3	25.091	24	666	20.2	390.74	12.67	22.6
454.192	0.0	18.10	0	0.7700	6.398	88.0	25.182	24	666	20.2	374.56	7.79	25.0
383.684	0.0	18.10	0	0.7700	6.251	91.1	22.955	24	666	20.2	350.65	14.19	19.9
367.822	0.0	18.10	0	0.7700	5.362	96.2	21.036	24	666	20.2	380.79	10.19	20.8
422.239	0.0	18.10	1	0.7700	5.803	89.0	19.047	24	666	20.2	353.04	14.64	16.8
347.428	0.0	18.10	1	0.7180	8.780	82.9	19.047	24	666	20.2	354.55	5.29	21.9
455.587	0.0	18.10	0	0.7180	3.561	87.9	16.132	24	666	20.2	354.70	7.12	27.5
369.695	0.0	18.10	0	0.7180	4.963	91.4	17.523	24	666	20.2	316.03	14.00	21.9
352.220	0.0	18.10	0	0.6310	3.863	100.0	15.106	24	666	20.2	131.42	13.33	23.1
489.822	0.0	18.10	0	0.6310	4.970	100.0	13.325	24	666	20.2	375.52	3.26	50.0
566.998	0.0	18.10	1	0.6310	6.683	96.8	13.567	24	666	20.2	375.33	3.73	50.0
653.876	0.0	18.10	1	0.6310	7.016	97.5	12.024	24	666	20.2	392.05	2.96	50.0
923.230	0.0	18.10	0	0.6310	6.216	100.0	11.691	24	666	20.2	366.15	9.53	50.0
826.725	0.0	18.10	1	0.6680	5.875	89.6	11.296	24	666	20.2	347.88	8.88	50.0
110.810	0.0	18.10	0	0.6680	4.906	100.0	11.742	24	666	20.2	396.90	34.77	13.8
849.820	0.0	18.10	0	0.6680	4.138	100.0	11.370	24	666	20.2	396.90	37.97	13.8
960.910	0.0	18.10	0	0.6710	7.313	97.9	13.163	24	666	20.2	396.90	13.44	15.0
528.800	0.0	18.10	0	0.6710	6.649	93.3	13.449	24	666	20.2	363.02	23.24	13.9
982.349	0.0	18.10	0	0.6710	6.794	98.8	13.580	24	666	20.2	396.90	21.24	13.3
364.820	0.0	18.10	0	0.6710	6.380	96.2	13.861	24	666	20.2	396.90	23.69	13.1
786.670	0.0	18.10	0	0.6710	6.223	100.0	13.861	24	666	20.2	393.74	21.78	10.2
897.620	0.0	18.10	0	0.6710	6.968	91.9	14.165	24	666	20.2	396.90	17.21	10.4
587.440	0.0	18.10	0	0.6710	6.545	99.1	15.192	24	666	20.2	396.90	21.08	10.9
918.702	0.0	18.10	0	0.7000	5.536	100.0	15.804	24	666	20.2	396.90	23.60	11.3
799.248	0.0	18.10	0	0.7000	5.520	100.0	15.331	24	666	20.2	396.90	24.56	12.3
0.08490	0.0	18.10	0	0.7000	4.368	91.2	14.395	24	666	20.2	285.83	30.63	8.8
681.180	0.0	18.10	0	0.7000	5.277	98.1	14.261	24	666	20.2	396.90	30.81	7.2
439.380	0.0	18.10	0	0.7000	4.652	100.0	14.672	24	666	20.2	396.90	28.28	10.5
259.710	0.0	18.10	0	0.7000	5.000	89.5	15.184	24	666	20.2	396.90	31.99	7.4
433.370	0.0	18.10	0	0.7000	4.880	100.0	15.895	24	666	20.2	372.92	30.62	10.2
815.174	0.0	18.10	0	0.7000	5.390	98.9	17.281	24	666	20.2	396.90	20.85	11.5
696.215	0.0	18.10	0	0.7000	5.713	97.0	19.265	24	666	20.2	394.43	17.11	15.1
529.305	0.0	18.10	0	0.7000	6.051	82.5	21.678	24	666	20.2	378.38	18.76	23.2
157.790	0.0	18.10	0	0.7000	5.036	97.0	17.700	24	666	20.2	396.90	25.68	9.7
864.476	0.0	18.10	0	0.6930	6.193	92.6	17.912	24	666	20.2	396.90	15.17	13.8
335.980	0.0	18.10	0	0.6930	5.887	94.7	17.821	24	666	20.2	396.90	16.35	12.7
871.675	0.0	18.10	0	0.6930	6.471	98.8	17.257	24	666	20.2	391.98	17.12	13.1
587.205	0.0	18.10	0	0.6930	6.405	96.0	16.768	24	666	20.2	396.90	19.37	12.5
767.202	0.0	18.10	0	0.6930	5.747	98.9	16.334	24	666	20.2	393.10	19.92	8.5
835.180	0.0	18.10	0	0.6930	5.453	100.0	14.896	24	666	20.2	396.90	30.59	5.0
991.655	0.0	18.10	0	0.6930	5.852	77.8	15.004	24	666	20.2	338.16	29.97	6.3
504.610	0.0	18.10	0	0.6930	5.987	100.0	15.888	24	666	20.2	396.90	26.77	5.6
423.620	0.0	18.10	0	0.6930	6.343	100.0	15.741	24	666	20.2	396.90	20.32	7.2
959.571	0.0	18.10	0	0.6930	6.404	100.0	16.390	24	666	20.2	376.11	20.31	12.1
480.170	0.0	18.10	0	0.6930	5.349	96.0	17.028	24	666	20.2	396.90	19.77	8.3
152.920	0.0	18.10	0	0.6930	5.531	85.4	16.074	24	666	20.2	329.46	27.38	8.5
792.080	0.0	18.10	0	0.6930	5.683	100.0	14.254	24	666	20.2	384.97	22.98	5.0
0.71620	0.0	18.10	0	0.6590	4.138	100.0	11.781	24	666	20.2	370.22	23.34	11.9
195.110	0.0	18.10	0	0.6590	5.608	100.0	12.852	24	666	20.2	332.09	12.13	27.9
740.389	0.0	18.10	0	0.5970	5.617	97.9	14.547	24	666	20.2	314.64	26.40	17.2
443.830	0.0	18.10	0	0.5970	6.852	100.0	14.655	24	666	20.2	179.36	19.78	27.5
113.580	0.0	18.10	0	0.5970	5.757	100.0	14.130	24	666	20.2	2.60	10.11	15.0
405.070	0.0	18.10	0	0.5970	6.657	100.0	15.275	24	666	20.2	35.05	21.22	17.2
881.100	0.0	18.10	0	0.5970	4.628	100.0	15.539	24	666	20.2	28.79	34.37	17.9
865.580	0.0	18.10	0	0.5970	5.155	100.0	15.894	24	666	20.2	210.97	20.08	16.3
574.610	0.0	18.10	0	0.6930	4.519	100.0	16.582	24	666	20.2	88.27	36.98	7.0
808.460	0.0	18.10	0	0.6790	6.434	100.0	18.347	24	666	20.2	27.25	29.05	7.2
0.83420	0.0	18.10	0	0.6790	6.782	90.8	18.195	24	666	20.2	21.57	25.79	7.5
594.060	0.0	18.10	0	0.6790	5.304	89.1	16.475	24	666	20.2	127.36	26.64	10.4
353.410	0.0	18.10	0	0.6790	5.957	100.0	18.026	24	666	20.2	16.45	20.62	8.8
181.230	0.0	18.10	0	0.7180	6.824	76.5	17.940	24	666	20.2	48.45	22.74	8.4
108.740	0.0	18.10	0	0.7180	6.411	100.0	18.589	24	666	20.2	318.75	15.02	16.7
702.259	0.0	18.10	0	0.7180	6.006	95.3	18.746	24	666	20.2	319.98	15.70	14.2
204.820	0.0	18.10	0	0.6140	5.648	87.6	19.512	24	666	20.2	291.55	14.10	20.8
705.042	0.0	18.10	0	0.6140	6.103	85.1	20.218	24	666	20.2	2.52	23.29	13.4
879.212	0.0	18.10	0	0.5840	5.565	70.6	20.635	24	666	20.2	3.65	17.16	11.7
586.030	0.0	18.10	0	0.6790	5.896	95.4	19.096	24	666	20.2	7.68	24.39	8.3
224.720	0.0	18.10	0	0.5840	5.837	59.7	19.976	24	666	20.2	24.65	15.69	10.2
766.190	0.0	18.10	0	0.6790	6.202	78.7	18.629	24	666	20.2	18.82	14.52	10.9
736.711	0.0	18.10	0	0.6790	6.193	78.1	19.356	24	666	20.2	96.73	21.52	11.0
933.889	0.0	18.10	0	0.6790	6.380	95.6	19.682	24	666	20.2	60.72	24.08	9.5
849.213	0.0	18.10	0	0.5840	6.348	86.1	20.527	24	666	20.2	83.45	17.64	14.5
0.06230	0.0	18.10	0	0.5840	6.833	94.3	20.882	24	666	20.2	81.33	19.69	14.1
644.405	0.0	18.10	0	0.5840	6.425	74.8	22.004	24	666	20.2	97.95	12.03	16.1
558.107	0.0	18.10	0	0.7130	6.436	87.9	23.158	24	666	20.2	100.19	16.22	14.3
391.340	0.0	18.10	0	0.7130	6.208	95.0	22.222	24	666	20.2	100.63	15.17	11.7
116.040	0.0	18.10	0	0.7400	6.629	94.6	21.247	24	666	20.2	109.85	23.27	13.4
442.080	0.0	18.10	0	0.7400	6.461	93.3	20.026	24	666	20.2	27.49	18.05	9.6
517.720	0.0	18.10	0	0.7400	6.152	100.0	19.142	24	666	20.2	9.32	26.45	8.7
367.810	0.0	18.10	0	0.7400	5.935	87.9	18.206	24	666	20.2	68.95	34.02	8.4
939.063	0.0	18.10	0	0.7400	5.627	93.9	18.172	24	666	20.2	396.90	22.88	12.8
205.110	0.0	18.10	0	0.7400	5.818	92.4	18.662	24	666	20.2	391.45	22.11	10.5
972.418	0.0	18.10	0	0.7400	6.406	97.2	20.651	24	666	20.2	385.96	19.52	17.1
566.637	0.0	18.10	0	0.7400	6.219	100.0	20.048	24	666	20.2	395.69	16.59	18.4
996.654	0.0	18.10	0	0.7400	6.485	100.0	19.784	24	666	20.2	386.73	18.85	15.4
280.230	0.0	18.10	0	0.7400	5.854	96.6	18.956	24	666	20.2	240.52	23.79	10.8
0.67180	0.0	18.10	0	0.7400	6.459	94.8	19.879	24	666	20.2	43.06	23.98	11.8
628.807	0.0	18.10	0	0.7400	6.341	96.4	20.720	24	666	20.2	318.01	17.79	14.9
992.485	0.0	18.10	0	0.7400	6.251	96.6	21.980	24	666	20.2	388.52	16.44	12.6
932.909	0.0	18.10	0	0.7130	6.185	98.7	22.616	24	666	20.2	396.90	18.13	14.1
752.601	0.0	18.10	0	0.7130	6.417	98.3	21.850	24	666	20.2	304.21	19.31	13.0
671.772	0.0	18.10	0	0.7130	6.749	92.6	23.236	24	666	20.2	0.32	17.44	13.4
544.114	0.0	18.10	0	0.7130	6.655	98.2	23.552	24	666	20.2	355.29	17.73	15.2
509.017	0.0	18.10	0	0.7130	6.297	91.8	23.682	24	666	20.2	385.09	17.27	16.1
824.809	0.0	18.10	0	0.7130	7.393	99.3	24.527	24	666	20.2	375.87	16.74	17.8
951.363	0.0	18.10	0	0.7130	6.728	94.1	24.961	24	666	20.2	6.68	18.71	14.9
475.237	0.0	18.10	0	0.7130	6.525	86.5	24.358	24	666	20.2	50.92	18.13	14.1
466.883	0.0	18.10	0	0.7130	5.976	87.9	25.806	24	666	20.2	10.48	19.01	12.7
820.058	0.0	18.10	0	0.7130	5.936	80.3	27.792	24	666	20.2	3.50	16.94	13.5
775.223	0.0	18.10	0	0.7130	6.301	83.7	27.831	24	666	20.2	272.21	16.23	14.9
680.117	0.0	18.10	0	0.7130	6.081	84.4	27.175	24	666	20.2	396.90	14.70	20.0
481.213	0.0	18.10	0	0.7130	6.701	90.0	25.975	24	666	20.2	255.23	16.42	16.4
369.311	0.0	18.10	0	0.7130	6.376	88.4	25.671	24	666	20.2	391.43	14.65	17.7
665.492	0.0	18.10	0	0.7130	6.317	83.0	27.344	24	666	20.2	396.90	13.99	19.5
582.115	0.0	18.10	0	0.7130	6.513	89.9	28.016	24	666	20.2	393.82	10.29	20.2
783.932	0.0	18.10	0	0.6550	6.209	65.4	29.634	24	666	20.2	396.90	13.22	21.4
316.360	0.0	18.10	0	0.6550	5.759	48.2	30.665	24	666	20.2	334.40	14.13	19.9
377.498	0.0	18.10	0	0.6550	5.952	84.7	28.715	24	666	20.2	22.01	17.15	19.0
442.228	0.0	18.10	0	0.5840	6.003	94.5	25.403	24	666	20.2	331.29	21.32	19.1
557.570	0.0	18.10	0	0.5800	5.926	71.0	29.084	24	666	20.2	368.74	18.13	19.1
307.510	0.0	18.10	0	0.5800	5.713	56.7	28.237	24	666	20.2	396.90	14.76	20.1
434.879	0.0	18.10	0	0.5800	6.167	84.0	30.334	24	666	20.2	396.90	16.29	19.9
403.841	0.0	18.10	0	0.5320	6.229	90.7	30.993	24	666	20.2	395.33	12.87	19.6
356.868	0.0	18.10	0	0.5800	6.437	75.0	28.965	24	666	20.2	393.37	14.36	23.2
464.689	0.0	18.10	0	0.6140	6.980	67.6	25.329	24	666	20.2	374.68	11.66	29.8
805.579	0.0	18.10	0	0.5840	5.427	95.4	24.298	24	666	20.2	352.58	18.14	13.8
639.312	0.0	18.10	0	0.5840	6.162	97.4	22.060	24	666	20.2	302.76	24.10	13.3
487.141	0.0	18.10	0	0.6140	6.484	93.6	23.053	24	666	20.2	396.21	18.68	16.7
502.340	0.0	18.10	0	0.6140	5.304	97.3	21.007	24	666	20.2	349.48	24.91	12.0
0.23300	0.0	18.10	0	0.6140	6.185	96.7	21.705	24	666	20.2	379.70	18.03	14.6
433.370	0.0	18.10	0	0.6140	6.229	88.0	19.512	24	666	20.2	383.32	13.11	21.4
582.401	0.0	18.10	0	0.5320	6.242	64.7	34.242	24	666	20.2	396.90	10.74	23.0
570.818	0.0	18.10	0	0.5320	6.750	74.9	33.317	24	666	20.2	393.07	7.74	23.7
573.116	0.0	18.10	0	0.5320	7.061	77.0	34.106	24	666	20.2	395.28	7.01	25.0
281.838	0.0	18.10	0	0.5320	5.762	40.3	40.983	24	666	20.2	392.92	10.42	21.8
237.857	0.0	18.10	0	0.5830	5.871	41.9	37.240	24	666	20.2	370.73	13.34	20.6
367.367	0.0	18.10	0	0.5830	6.312	51.9	39.917	24	666	20.2	388.62	10.58	21.2
569.175	0.0	18.10	0	0.5830	6.114	79.8	35.459	24	666	20.2	392.68	14.98	19.1
483.567	0.0	18.10	0	0.5830	5.905	53.2	31.523	24	666	20.2	388.22	11.45	20.6
0.15086	0.0	27.74	0	0.6090	5.454	92.7	18.209	4	711	20.1	395.09	18.06	15.2
0.18337	0.0	27.74	0	0.6090	5.414	98.3	17.554	4	711	20.1	344.05	23.97	7.0
0.20746	0.0	27.74	0	0.6090	5.093	98.0	18.226	4	711	20.1	318.43	29.68	8.1
0.10574	0.0	27.74	0	0.6090	5.983	98.8	18.681	4	711	20.1	390.11	18.07	13.6
0.11132	0.0	27.74	0	0.6090	5.983	83.5	21.099	4	711	20.1	396.90	13.35	20.1
0.17331	0.0	9.69	0	0.5850	5.707	54.0	23.817	6	391	19.2	396.90	12.01	21.8
0.27957	0.0	9.69	0	0.5850	5.926	42.6	23.817	6	391	19.2	396.90	13.59	24.5
0.17899	0.0	9.69	0	0.5850	5.670	28.8	27.986	6	391	19.2	393.29	17.60	23.1
0.28960	0.0	9.69	0	0.5850	5.390	72.9	27.986	6	391	19.2	396.90	21.14	19.7
0.26838	0.0	9.69	0	0.5850	5.794	70.6	28.927	6	391	19.2	396.90	14.10	18.3
0.23912	0.0	9.69	0	0.5850	6.019	65.3	24.091	6	391	19.2	396.90	12.92	21.2
